136487217
134383896
136652103
130961088
136703766
136609192
136768104
136568068
136711899
136475180
136803465
136534196
136665404
136740552
136743975
136770922
136502247
135737359
136737833
136773282
136655473
136532512
136735599
136532739
136578788
136113645
136472626
135622157
136760863
136652957
134709484
136485996
132973877
136519006
135661028
132545465
136481250
135275391
136757004
129286656
136674290
136631538
136592115
136617997
136712610
136706191
136544497
136692609
136681875
136657492
136144254
121318270
136737072
136795186
133614553
136701921
134648243
131798277
135174045
136604118
136799642
136678669
136674504
136733819
136553828
136524735
136804404
92964575
136627232
136762041
131607655
136560170
136774919
136323816
136758150
136656191
136504550
136727426
132571131
136697452
136483589
136672466
136245080
136741985
136772540
136571016
135634414
136810427
129963997
136737024
133846608
136638105
136640515
136487782
136561305
136500474
136780129
136658552
129153984
136791746
136647063
136549635
136731647
136680012
136199580
127276229
136593017
136756486
136481846
136495910
136747003
136773411
136396721
133474049
134174239
136614642
135643840
136533229
136566666
136791501
134802702
136608355
136704670
136031013
134382941
136515979
134102944
135891991
136544933
136495552
136651999
136577760
136742708
136503035
136554277
136779599
136769228
135688100
134053008
136580615
136531853
136559865
136676215
136597543
133083228
124694728
133888798
136611566
133527726
135793060
136758546
136704680
136414368
136802245
136566566
135035753
135174047
136618517
136521067
136170624
136551541
136577620
135823073
136500923
135977401
136768296
136018608
136539847
134744054
90599147
136625648
136651350
133238749
131724603
136787490
136472876
130824212
131576154
136680411
135473112
136736163
136727356
136791759
131527723
135709410
136606033
136622993
136511575
136701631
136692200
133408276
136694807
136797281
136572811
134637059
136682855
136756307
135752992
136714473
135755781
136499037
135622948
135714348
136743265
135044101
136514100
136705296
136639909
135556768
136528057
136797410
136735638
136805784
136728283
136579016
136480187
136715060
136669630
135515157
136475380
136704276
136607625
133613876
136794064
136638774
136404100
136572273
136703093
136396712
130500892
136561485
136170901
134337903
136537606
136564426
136548339
136810052
136670805
136733106
136509032
136669893
136807336
133356497
136784782
136671599
131745812
136599986
136808099
136491218
136677250
135895933
136665925
136670378
129575239
136593783
136610772
136565965
136692138
136586526
136715167
136547160
136581338
136602802
135484395
136486820
136803802
135826847
136486294
135644268
134602118
136795098
135661383
136504578
131689795
136669906
136749276
136717666
136578037
135774798
136644943
134972958
136791961
136247315
136476135
136533575
136502285
132774540
136713460
136715758
136646186
136799272
136541019
135757088
136504564
136735105
136766434
133857886
136673625
136577864
136628540
135116378
136483560
136658836
136586744
136695971
136676438
136757887
136541230
133433218
134884976
136540772
136649937
136699858
136538926
136637181
136542248
136497458
136556558
136575531
136506632
136689612
136469651
136672555
136502845
136631144
135794422
136600013
136481540
136549364
132233205
136545078
135871685
136520468
136626371
135638807
130001574
136807767
133238748
136774773
136616402
136796864
136532795
136785656
136764529
136609115
136798521
136647894
136150150
135740656
135751667
136796704
134183759
136784794
136590342
136694168
136609137
136498232
136769826
136558643
136572738
136735627
136478816
136609456
136551303
136689289
136635666
136483551
136810834
135943333
136529354
136784385
135628291
136609500
136088968
136582595
88127758
136566689
136771299
136566771
136765644
136475542
136552278
136633612
135195469
131001974
136488082
132727724
136517300
133443068
136782732
134585733
136598300
135642271
136657180
136788329
136567803
136065866
136713941
136781964
136798365
136677131
136676622
136741063
136681384
134337924
136528336
136730452
136491670
136535922
135692135
136610066
132462335
135195982
136720699
136129532
136743286
136488370
136720800
130817956
134381656
136655050
136645306
131605511
136096045
136600307
136743238
136696892
136655568
136592966
128162814
129828746
136485494
136543693
136631111
136574853
135687483
136525421
136525009
136554631
136535216
136702741
136602421
136061763
136654899
136580052
136504558
136687388
136647424
134825502
136734743
136396755
136719024
136478580
136501736
136604251
136798653
136477598
136593425
136581141
135763765
136799644
136793336
136657911
136789415
136581999
136788483
136813054
136531483
136486880
136648919
135419211
136789830
136484036
136715800
136677752
136770643
136594687
135991395
134832624
135738316
136480835
132418721
133045792
135456068
136676620
136589437
135705688
128968686
90599106
136422939
136807470
136724556
136554365
136582545
136570647
136494957
136489656
135887521
136546476
136498042
134977090
136614637
133913622
136672227
136479858
136534359
136566837
136723817
136588310
136772262
136773370
134967534
133474252
136705480
134898746
136566379
136670392
136811739
136703599
136751073
136801891
136697124
136613301
136805294
136478559
136547091
136790918
136808485
136608898
133659677
135658879
136796514
136693921
136646706
134882462
136776017
135621462
136779237
136719272
135657860
136642519
136797941
136540993
136563161
136667304
136639886
136603435
136610213
135457972
136689956
136681678
133050812
136812318
136760081
136529656
135774736
136501570
136557661
136674046
136480581
136560288
135842208
136661821
133781954
136647119
133773712
136678268
136711715
136624359
136533550
130884085
136481798
136300914
136485708
134613390
136636411
136629622
136525548
136772652
134751651
131542502
136590471
136494291
136491511
136654885
136532118
136586460
131531907
135759083
136649576
136735649
136750368
135867534
136761695
136548340
135388472
134173200
136719317
136533383
136533837
136578803
136493761
132979875
135771162
136501664
136619315
136503592
136606385
134363489
136630564
136670156
136726534
136477439
134277733
133611303
135631225
129588628
136648677
136486511
136744345
136396750
136794092
136696034
136690049
126059414
136540272
136722348
136612073
136741833
136780031
135823408
136635043
135588741
130961094
135726863
136678705
136665517
136565064
136495381
136667852
136502217
136604068
136749999
136609773
136670421
136639840
136494295
135690548
134640745
136548379
136531326
136683243
136767389
136556620
136580627
136595307
136028254
136705301
134942947
136630244
136681484
133368358
136504561
135997211
135895947
136608865
136788247
136546929
131529414
136535624
136610469
135501222
136469779
136396757
136606840
136605518
136716113
136735169
136773209
135187270
136568215
134485865
136651240
136289471
136795713
136408968
136005677
136563560
136748610
136638394
136769673
136628972
136607968
136478117
136566479
136506048
136483957
136737519
133445740
136791115
136765059
136536115
136496944
136492917
136481865
136600338
136774284
136481329
135522979
136514059
136533642
136718761
136772650
136738368
136610165
136745323
135696065
136295112
136701321
136568578
136589890
133194190
136504577
136556859
136626526
136802905
134337981
136766489
136502068
136582586
136768519
136744494
136726314
136807369
136704461
136668256
135992924
136472264
136751441
136566175
136644134
136221587
136538454
136648441
136681713
136396714
136595352
136606547
136624687
136772367
136557513
136708756
135658881
136487292
136583734
136538862
136536259
136753747
129615275
136669078
136665022
135286484
135484350
136670400
129965450
135824381
108203319
134536635
134509582
136560143
136587621
136713465
131198720
136793464
136537994
136722795
136554696
136560937
136580518
136679949
136720795
88127777
136669894
136537142
133056261
136653578
136531748
136565107
136774076
136745494
136785518
136605648
135736072
136504548
136638946
136651949
136561298
136538311
136671179
136739197
136494062
135722123
136735213
136538474
136646928
136727849
135613961
136630013
134253561
136808639
136164751
136775927
131556593
136631948
135933754
136812332
130122249
136623779
136790666
136799602
136551298
136477900
136564917
135856265
136742287
136386948
136640375
136572339
136597238
130961090
136500578
136809834
136506692
136509628
136735001
133690613
136705111
134379014
136692113
136655701
136693939
136692243
136770677
136745171
136670418
136702771
134337973
136537758
136807524
136718676
136543415
130961095
136661555
135854606
136659753
133661298
135788515
136473847
133584963
134694551
136286300
132557397
136562043
134886549
136792953
134717826
131529487
136632594
131886720
136550040
135720936
136644593
136609480
136061814
136566620
135621147
134929952
136782716
136108492
135730357
135815792
134715423
136699970
136496652
132928800
136527861
136739726
136732971
136786948
136807941
136677268
135029278
135629168
136702313
131725674
136799643
136566297
136585565
136554579
136469860
133778055
136668227
136712814
134976715
136768201
136567709
136646316
136484151
136706305
136589591
136672607
136470549
136704043
136777489
136719732
135748119
136706890
136734986
136678696
136665135
136728723
136694347
136559236
136739089
136788508
136706208
136488957
136740764
134263761
134672585
136711137
136747507
136780915
136657209
134727636
136714783
134870887
136623242
136700995
136596710
136524218
136482400
136710547
136724763
131575136
134784066
136790295
136809937
136665421
136334718
136602695
136553354
136782457
136678289
136505073
130031738
136714291
136636267
136584908
136772201
136783635
136636807
136629353
136501065
136615501
136705849
135758321
136504554
136785117
136785600
136547093
136479445
136727879
136552026
134487066
136602280
136792832
136548322
136502225
134983088
136529469
136597346
136668620
136625831
136670398
136692354
136491134
136773836
133784376
136601285
136711978
136758837
136678436
136607559
136721297
134828609
132295324
136566986
136712792
136719040
136808457
136533421
136746384
136551944
136649391
136204014
136500203
136664326
136440013
136489488
136478744
136374429
136805960
136562981
134261513
133959262
131794453
136772653
136766815
130280848
135024048
136535618
136480075
136621189
136740792
135548302
136724415
129434612
136552225
136487866
136475622
136665393
136589639
136752339
136612066
136681835
136511938
136573000
136205011
136651364
136724111
136562499
136631931
136408688
136676347
136683413
135786681
136713142
136652278
136667290
136804238
136625875
136726883
136799210
136505340
136636647
136597632
136551266
136613284
136743399
136606659
136645775
136631871
136775360
135757943
135174053
136648968
136719755
135309627
136642956
136751440
136779613
127444503
136533487
136646057
133094022
136565886
136617158
136557686
136582921
136797937
123715243
136764645
136638804
136688691
136563233
136802607
136718987
136556402
136504569
136599495
136485430
135027192
132629993
136744900
136487987
134793236
136538333
131861836
133507907
136525894
136751325
136687700
119268198
135794098
136535913
136655767
136722500
136496229
133869875
136655738
136699913
136768283
135589625
136646259
136796493
136746196
136734088
136733880
136483877
136488112
135020251
136647151
136805867
136770265
136596931
136573390
136611035
136664849
136566769
136604055
136806813
136739415
136590630
135425200
134195904
136741030
134614190
136809139
136495845
136525854
135443627
136789265
136569026
136703074
136602655
135699729
136064822
135322875
136786939
136498825
136745085
136635763
136685453
135834060
136501569
136360179
135793537
136705921
136780237
136602615
136657491
136724659
136609045
136625621
136658684
136477734
136744259
136652196
136630017
133995798
136525306
136812730
136539426
136717913
136516229
135679997
136483435
136799645
136602411
136682275
136762042
136708534
136595418
133951263
136650526
136649794
136460428
135645249
136567028
136702870
135484642
136770340
136651589
136498633
136805787
136569984
136535789
136769724
136677367
136576481
134435260
136808804
136721437
136784138
136683315
136497439
136564391
136689353
136632634
136627145
135702852
136649169
136611164
136358602
135664238
136705263
135766322
136524418
136681848
131573279
134417203
136736178
136573106
136715593
136400327
136584576
136721862
136535813
136493983
136508698
136734991
134953103
136670377
134704074
136588284
133704445
136705352
136538716
136563383
136607668
136634544
136602249
136572752
136550301
136394894
135826009
135033505
136746764
136794460
131532342
136682226
136705341
136535410
136725052
136504540
135885612
136680446
136736915
136776825
136637283
136298983
136701315
136796006
136347485
136669289
136600656
131546641
136623208
136714088
136742256
136806246
136705098
136719144
136654721
136592322
136673345
136667959
136666154
134890180
136777885
135725814
136705281
128099913
136745624
136645033
135594141
136596920
132917771
136457483
136608477
136700980
135023289
134511044
136690110
136590370
136471588
136737037
136777882
136689619
136555190
133323984
136804609
136569518
135866950
136677394
136597585
136624590
136562214
136654807
136559922
136812111
134369841
136675070
136495676
136477940
136567614
134204193
136638460
136638057
136607683
136779454
136604900
136647100
133767257
130641120
136734948
136677638
135288991
136806171
136651687
135051896
136635609
136705477
136583398
136514551
136658020
133722064
136616992
136670384
134754600
134693777
136668988
136543648
136334590
134504542
133827595
136775971
129995736
134823628
135471775
136680770
136701368
136627029
136728162
131687039
136679934
136705915
136496696
136604714
136582952
136676103
136721105
133928983
136776404
136649196
136626370
136591563
136522317
136540310
135969596
136784130
136636967
136350891
136496878
136670695
134828427
136549326
136772649
136664871
128907733
136504580
136780256
136718674
136509133
136577747
136633499
136598050
136477212
136717046
136805130
136784160
136592730
136692702
136269824
136631756
119316667
135555589
136567411
136783845
136650008
131607845
136673844
136535505
134793301
134566736
134793764
136589217
136738712
135766794
136796018
136744064
135690129
136533472
136741371
135225572
136757983
136702759
136598060
136484061
136499762
136787081
136731899
134697519
136772772
136610739
136596876
136693721
136743127
118439710
135589086
131766500
136502642
112425302
136578967
136580665
135401456
136504575
136494705
136551124
135718592
135519652
136566395
136543165
136629120
136711052
136704671
136725363
136715031
136804616
135912456
136502216
136563596
136791760
136610350
133091651
136592037
134841448
136738748
136743308
135538185
136670390
134693775
135817980
136786078
136594272
136809074
134337968
135740182
136703301
136695381
135713262
136654498
136498778
135606514
136648633
136660185
134986424
135819525
136689677
136791758
136809296
134931903
136026008
136563702
134715343
136563370
136705302
136806021
136179682
134885604
136326213
136490529
136717058
136770148
136563345
136565333
136592779
136029624
136656525
135588707
134774866
111570490
135080249
136610675
136620982
136520718
136015530
136488929
136539289
136683671
136591774
136785372
136693442
136577930
136767626
134532809
136766842
135884973
135608553
136658566
135600377
136532291
136094423
136497933
134337971
130623772
136697175
129213374
136672352
134806632
136657701
136588752
136744938
135907488
133759308
136671862
136667176
136669198
130785546
136576184
136298670
136807640
136668233
136771365
136797387
136777523
136727498
136727450
136566212
136722883
136676624
136714365
135801733
136303635
136723440
136599479
136798459
136545801
135506799
136666804
135695931
136637127
134422411
131529686
136799183
136666803
136745649
135547736
136559900
136779411
136521939
136560603
136560351
136762032
136532176
136499381
136180386
136624215
136640208
129258747
135789369
136804913
136689175
136501394
136610017
136761459
136110516
136536993
136573301
136774299
135640646
136751606
136651835
136473409
136498618
136705243
136689676
136764367
136667224
136568272
134500173
136638969
136536041
136785920
136539062
136547277
136605016
136770640
136705846
136567223
136670411
136690528
136632187
136651829
136653155
136576152
136452103
136616827
128738766
134977103
135689312
136688280
136809281
136573295
134704849
136692029
136448428
136733055
136731365
136604462
136602487
135774112
136670388
135704368
133519577
136499188
136693539
136641710
133661296
135668716
136658238
136535021
133906370
136807765
136578518
136552558
136592669
136712377
136749722
136351030
133610969
136719246
135235774
133721686
136636808
130206087
136661557
136796492
136809507
136706082
135603323
136681012
136614682
136741742
136737132
136479909
136554977
136806653
136576932
136532875
136781797
133479466
136705295
136701374
134539033
135502280
135917001
136808441
136705235
136486177
136714770
136705877
131934499
136192956
135894404
133590453
136789698
136587734
135712209
136528686
134977092
136540743
136494812
136706590
136578890
136789888
136657050
136784543
136597289
136639000
136477939
136509626
136541795
136531147
136770110
136703382
136744604
136737018
134638981
134368115
136771221
136564588
136603618
136795454
124230869
135725860
132149198
136673047
136810500
134955537
136688268
130118575
136597539
136775421
130761797
136740215
136773690
136651953
135521700
136645010
136671839
134767034
136751279
130614383
122239286
136607949
136707690
136545496
136509490
136554174
136610737
136598731
136566533
136589658
136010406
136655353
136619008
135431801
136614636
136772877
136786863
131604269
136722349
135774817
133196911
136813173
136647462
134678210
135126459
136746127
134545177
136504538
136565401
128011061
136656345
136793829
135845803
135606101
136579959
136592396
134487948
136569300
136566954
136669083
136475680
131941332
136519978
136643156
136653575
136716155
136675584
136654273
134203276
136772208
136020208
136789354
136493357
136581883
136551279
135664026
136720632
136579017
135714054
136722899
134757383
136649384
136599280
136727451
136541952
134961611
135918895
135917256
136739577
136540665
136782929
136713468
136679109
134337910
134504371
136604353
136658665
136557580
136587664
136568143
136728036
136799647
136556804
136623158
136795041
136705299
136745136
136583864
136639255
136597980
136592057
136647057
136741089
136553003
133759314
129995818
136760085
136198706
136526967
136639320
133524899
136799852
134748336
136535875
134428910
135610648
136672563
136731818
135481147
135353960
136631041
136657587
136759582
134986353
135721736
136567210
136746194
136735449
136664536
136689286
136703583
135638616
130359005
136715977
136604687
136590900
134337935
134679250
136691817
126811106
136670383
136686226
135658878
136671191
136650928
136623690
130782478
136647633
135738242
135829224
136796889
136651903
135275386
136745301
136535041
136551286
134908062
136742888
136667797
136611690
136144824
136723076
136471402
136794279
136578804
136705675
129967507
136610118
136809881
136688103
136653867
136653665
136744859
136103827
136563166
136742490
135888139
136140777
136752326
136602273
136600991
135759580
136763591
136550126
136661960
136483298
134545254
136811922
136586306
135679921
136742565
136770499
136589193
136741423
136770368
135720467
136487285
136524473
136741694
131527472
136735378
136761922
135910444
136523026
136487284
132167927
136626024
136650501
136536526
135604390
136662587
136715636
136805791
136478305
136567010
136719293
136752570
130935753
135903235
136734331
136682432
131983737
136635026
136480771
136563958
136810851
136610117
131379067
135573584
134719787
136627695
136627697
134268387
136654544
136661187
136643512
136539240
136583777
136648901
136656540
133236478
134743254
136605803
128484483
136529642
136504555
135831175
136795453
136634367
136780368
136703218
136502376
136622887
136628539
136477920
135686043
136471290
134992173
136556372
135802889
136742312
136664985
136809513
136799672
135696961
134536636
135511227
136555300
136716932
136811923
136805785
136722215
136678941
135718623
135020248
136643605
136638925
136804957
136497306
136676167
132522493
136542439
136569807
107445429
136495342
129137455
136692408
136502666
136701209
136586937
136499156
136396729
136594025
136724201
136485777
135587937
130947589
136396710
136807051
131532256
134473570
136540297
130710488
136601545
136597267
136559184
134751648
136529544
135758125
136498027
131576156
136624281
136803884
136769810
136790253
136585091
136702881
136776110
136578275
136492951
136619708
136642730
136734844
136498749
134574210
136615935
136537926
136643825
136557051
136670414
136577586
136782504
136513091
136647928
136610384
136567041
136672837
136557539
136743197
136541163
136740749
136740287
136528089
136491584
136503397
136690560
134869098
136551293
136650474
136791691
136563347
135958660
136553846
136723822
136591742
135868311
135692155
136624517
136521097
136606820
136775302
134870895
136783478
135699723
136500724
136744181
136809387
135854515
136808301
134511078
135303442
135994620
136744445
136704676
135754912
136643743
136784911
136488223
136807129
136651814
136742614
136718660
136011915
136614773
136619345
136619139
136529700
136769970
136730495
136715916
135586273
136676564
135639865
135519325
136000878
136734171
133767467
136703472
134989422
136594095
136749028
136744767
136585513
136743532
136731995
136546208
136630682
135721860
136556293
132014088
136696005
136590287
136810846
135848041
136730572
136676881
136626379
133509407
136596172
135592022
134497144
127837288
136546976
136763955
134546096
136525937
136595423
136812728
136504535
136530891
134689680
136565363
136710155
136688058
133705978
136563019
136739652
136689345
136495665
136666194
136806003
136555034
135082949
136679270
136536709
136651055
136808974
134732247
136555503
135788849
136556667
130961087
135891669
136681689
136642353
136592321
136618737
136796971
136785240
133009003
135524441
136792566
136695259
136487291
135742412
136667676
135449904
136593906
136656970
136600220
131542339
136688465
136562622
136639463
136705294
136583860
135455541
135128999
136646315
136558184
136497329
135659279
136657137
136703501
136574613
136780556
135489125
134725501
135896714
136776881
135698807
136625215
136737593
136773155
136610361
136782279
136804376
136766233
136707018
136694056
136658278
136672900
136638529
136658721
136670399
136539091
135540153
136742875
135620437
136625488
136753088
136640777
136695087
136240342
136504576
136763390
133822286
132719732
136553522
136529380
136810012
136396746
136643972
136786497
136533282
136650711
135482429
136512589
136501241
136705342
136603988
136478076
136766094
135052793
136805789
135814014
134542048
136500956
136504582
136792634
134876929
136690055
134538282
136504573
136699909
136692172
136577589
131582325
136263061
136520066
136798211
136768170
134899018
135682506
136742191
136665000
136653617
136705484
136476181
136796730
136702065
136811134
136550788
136584826
136559304
136639785
135612694
135622981
133545163
136686662
136514612
136807551
136595808
136705340
136807469
136535126
136310074
136671935
136796008
135694296
136583280
136642521
134337984
136564427
136628002
136611234
136625526
136457144
126267769
136543608
136606895
136656162
136797449
136670286
136675715
136521163
136541979
136785465
136533343
135880235
136773860
132343688
135363376
136502021
136735635
136770591
135420824
136718345
134497941
136573313
136618579
136672829
132368719
136767303
136784388
134694228
136610099
136710076
136501177
136551304
136695438
136581062
136578502
136705304
135580263
136602434
136680810
130785452
136808397
136566039
135610394
136564064
136741734
136791983
135974967
136807766
136563083
136695796
136642492
131527832
136542774
134898970
131366306
136601478
136591134
136780513
136776278
135489726
134337861
136744807
136545599
136559413
136556655
136776987
136637784
136646946
136775025
136638104
136552933
136665940
135705635
136809167
136494768
136688302
135439023
136801894
136576016
136504560
136648858
132626240
136804395
136635612
136705349
135901917
136567238
136480704
136516470
136581708
136552848
136525847
136597538
136782933
136761977
136504549
136597236
136474067
136705343
136263042
136498745
136649439
136549940
136603547
136774116
136752821
136743699
135871884
136592842
136479205
136535441
133477098
136656448
136674124
132832310
136415754
136547755
136481369
136668813
136672588
131527631
136593461
136323642
136734525
132754991
136776858
136638386
136481296
131990156
136320343
136608786
136706134
136671893
135651651
136591796
136724859
136705512
136559127
136553198
135559950
136811533
136591981
136626047
136722977
136639554
136712977
136523742
120258137
136651991
135585667
135715285
136588884
136551292
135751714
134337901
133497074
136592486
136678890
136608725
136526651
133434074
136529679
136500434
133742643
135928554
133774077
136607288
136650259
136811789
136559866
136641431
136649899
136657519
134080709
136581737
136611803
136605650
136600631
136750680
136725881
136633630
136566926
136795168
136396763
131781040
136752423
136674741
136667854
136596339
136519005
135488352
129260641
136742000
136501247
135709366
136763132
135885215
136535968
136807921
136715469
135602861
136792827
136473968
136125868
135441832
131388381
136721590
136563489
130961091
136559275
136670616
136705300
136539169
136809099
135789881
126418018
136656450
136581542
133665374
136670381
136704753
136637666
136480565
136626813
132078290
134808950
136714382
136764355
135990267
135136856
136721672
136476917
135790602
134083990
136743031
135757190
132301151
136475426
132522237
135582310
136566343
136795735
136539122
135398548
136680052
136697116
136648973
136600082
133728228
128511492
136118322
136583620
136714772
134536793
131366351
136595743
136795758
136608816
136690165
136548988
136602724
136578798
135754569
135721413
136668013
136576311
136743332
136624858
136477576
135744290
136508429
136786222
136777591
134874412
136062147
136487793
136597243
136769812
136566545
136483972
136596996
136621555
136736709
136668532
136716307
135752224
136478215
136740999
136682364
136634597
136604885
136629779
135622726
136694387
136604774
136210489
131329590
135781311
136786871
136595662
136668007
136794090
136717500
136644142
132849903
135739196
136775476
136780986
136498309
136615066
136566630
135914400
136806534
136545776
136627094
136795773
136730465
135750707
136361178
136703025
136812334
136396705
134830668
136806026
136774680
134269279
136767893
136618054
136774963
132539641
136669199
136649705
136493992
134923156
136491572
136566318
129857746
136716478
136530438
136564449
136485632
136728350
136757882
133669039
135198444
105435893
136786510
136774633
136527050
136571498
136548793
135618654
136537166
136657551
134337965
136696096
136812472
136779193
136689698
136742288
136481541
133552073
136262548
136740815
134835778
136681294
133595200
136615923
136533136
136721364
136796684
135816325
136640363
136642825
136629429
136591832
135699439
136791756
136701204
133611787
136537075
136648125
136651545
136538528
136628125
136690530
136588200
136495007
136748307
136758351
136506273
136603614
136805821
136739331
136536592
136551302
136585115
136804612
136263519
136667631
136721753
134620928
124332948
136495587
136758619
136525328
136597347
134337975
135755990
135902784
136670675
129860026
135556530
136756237
136532362
136694070
136585383
136595796
135724679
136503432
136679601
136796016
135897295
131529461
136643113
136670018
134742112
134337939
136551282
136641076
136771406
136551275
136506643
136536968
136635937
134545118
136661054
134337949
136563694
136464039
136566214
136768675
136811860
136641199
136704673
135784228
136524736
136532742
135772621
133509409
136622877
133967701
136785891
133465940
133238744
136725466
136597343
136727559
136786900
135497541
135989370
136686648
135547320
136503006
136662892
136678606
136778120
135781748
136553675
136640572
136800823
136667411
134672651
131366282
136566809
136565545
136681488
136561748
135687803
136675527
136669197
136694396
136750303
136570228
136698643
136752524
136599678
134795010
136784166
136703834
136731941
135658969
136537708
136672019
136498627
136566702
132752999
136667687
122561973
136682697
136626727
136685442
136792632
136491764
136497566
136774967
136704618
135554811
136806673
136593484
135017559
136617900
136563412
134337955
136643020
134808306
136497930
133846643
136538321
136557180
136761742
136734987
136643038
136593256
136572138
136702860
136620864
136381366
136693528
134639572
136656179
133558383
136705498
136703404
136646364
136689705
131195111
135703012
136624021
136541454
133996907
136682862
136653059
136723113
136702571
127111467
136575541
136653067
136484945
136802945
136809649
136714590
135855236
136804342
136524440
136548966
134650856
136799368
136671615
136532311
136551301
136552932
136594212
136690561
136564266
135910486
135552675
136715709
136608029
136566505
136482496
136692450
136574748
135553497
136638366
134958340
136714662
136740179
136705346
136690025
136536844
136610119
136621125
136578768
131562869
133759315
136607451
136523160
136591319
136592734
136676229
136523243
136628967
135631259
136674989
136558861
136778907
136553798
136624017
135698910
133661381
136780255
136604692
136632652
136643391
136705600
136765004
135552121
131990448
136567412
135588949
136587469
136497001
136503081
136591052
136693525
136606293
135603347
136705536
136168643
136788783
136653760
136688887
136544795
136711118
136799417
135741514
136570291
136475686
135275236
136785538
133764701
135611402
136716377
136675211
136530415
136567362
135599704
135926776
136551276
136475985
135623055
136622316
136499549
136674055
133651192
136746021
135736136
136735660
136742672
136772836
136630923
136543443
134902077
136524537
136584714
134713686
136610688
136808161
135790347
136672550
136703494
136743873
123286411
136783345
136478950
133919924
136657707
134337953
135152331
136534381
136523601
136697307
136724358
136809537
136494654
136610579
136539675
135894280
127649580
136493261
136563652
136647099
136578536
136705232
136650887
136638812
130779190
136723668
136070262
136188143
136561007
133260861
134741262
136625737
136801775
136631470
136740205
136738929
136562420
136714338
135348224
136725342
136704521
136567610
136396696
136604371
136743261
136563674
136683263
136325060
136767075
136508718
136602870
136784853
136649653
133759311
136695810
136786502
136577713
136610885
136692715
136733739
134480473
125949108
136787300
136647205
134337977
136608846
135889567
134191605
136772498
136489746
136504775
136809329
135758751
134573964
135508140
136563466
136632154
136740738
136793538
136806328
133570296
136740372
136624511
135742587
136787469
136798752
136521092
136795540
136793678
136742987
136628016
133223206
136477689
136596019
136592663
136668660
136741905
136605790
136675154
136759876
136764585
136536861
136672608
134477241
136682502
134720157
136792957
135901389
133059565
136496734
136728419
136810689
136670409
136547108
136571848
136204231
136723453
131501846
135547929
136793902
131495439
133238745
136540874
136707089
135196170
136653769
136562956
136599158
136784545
136586218
134006239
136530930
136492051
136567485
136686277
136776573
136605879
136593284
135669702
136742669
135538706
136780747
136698108
135076877
130961086
136791225
131810385
136652150
136718595
133535059
134498753
136499428
136587863
136505459
136622299
135623131
136524104
136490841
136545120
136502218
136676544
136523453
136652832
136553900
136187481
136719935
136678891
136525182
136716145
136779558
136314396
135979383
136809777
136501433
136617995
136653560
136798553
136647640
136631297
136704696
136458948
136728367
135752183
135033880
136631515
136631942
135459325
136609956
136671701
136514883
136607220
136599015
134333089
136765314
134092495
136551362
136549333
136739629
136771403
136688177
136650991
136579599
136705306
136534555
136467326
135778640
136613690
136539123
136791239
136494292
136587687
136705571
136497039
136693401
135441143
136575830
136540296
136722232
136508361
136727633
136812147
136497411
136611605
134977099
136671306
134704251
136740286
136596981
133813688
136720941
136655566
136676966
136379505
136704073
136667108
136623851
136788378
136596685
135889848
136539883
134109658
136540420
136546423
135621162
133854853
134741701
136595434
136546890
136556654
133629890
136682036
136671528
135760228
134736073
136792501
135837342
136543856
136787411
136494917
136549821
134833569
134500176
136587971
136507097
136500750
136527315
136071207
135851469
136637663
133715276
136667908
136504565
136549485
136796741
136738439
136807738
136494293
132580573
136761833
136675393
136682316
136662844
135713352
135583890
128829947
136640619
132153970
133998829
136768517
136778519
136791755
136784483
136536501
136494841
136531411
136688193
136776193
136780528
136688531
136767601
136554525
136538604
136686621
136639031
136598906
136563723
136810426
135639298
136573532
136505477
136593131
135472624
136575705
136564121
136563942
136563207
136784721
136744635
136790548
135158214
136745352
136726884
136798972
135741320
136719572
136296722
134828093
136773341
136536149
136772975
134694744
135772547
131209092
136531787
135709646
136805307
136594702
136547092
136478499
136594562
136476905
131366240
136500432
136211638
136688237
135839508
136498330
136676616
136753042
136483359
136744810
135659821
136710806
136462939
136587755
136504584
136503910
136811144
136551267
136488141
136599266
136652463
136317964
136811286
136549496
136610214
136746195
135680732
136580015
136632824
133723639
136659761
136658265
136717742
136603856
136694394
136642495
136548478
136789645
134730325
133759307
136351378
136813048
136601109
136652446
136791235
136643169
135511184
134154674
133702245
136631333
136572070
136504572
136674347
136772824
136667741
136543555
136500133
135860437
136535719
136481804
136775547
136528975
136109444
136536790
136608998
136551602
136595075
135888411
136600104
127839278
130916507
136811074
136664865
136500485
136607189
135466464
136718467
136601927
136491236
136494342
136806820
135842228
136059229
123015192
136693486
136530589
136474769
136036306
136748467
136783121
134577710
135159464
136808754
136776862
136731880
136581930
135620317
136492989
136806522
136775813
131031614
136544304
132524176
136498779
136629631
136791392
136704810
136564531
136540589
134307613
136718642
136617798
136795903
136500202
136732752
136611389
136716752
136786967
136792639
136500142
136551280
136545900
136579268
136645440
136128331
134337898
136600710
136724756
136791573
136718932
136544225
136456850
136805107
136740880
136561143
136686470
136520299
136649862
125837653
136472090
136798198
136774314
136591652
136783354
136583419
136553356
136723699
136505944
136637438
136495729
135721412
136718791
136563304
132759995
136795997
134314392
136786936
132118013
135651456
136774836
136481697
136491099
136531622
136693191
127310011
136514120
136710918
136661128
136717427
136692918
136537146
136504542
136755523
134852102
136493688
136802060
136668279
136560601
136807382
136560125
135608743
134967125
135649769
136670397
136603970
136675028
135081956
136704994
136632159
136791219
136545837
136295202
136704377
136644252
136484927
135186172
136604539
136629732
136807200
136554590
136734280
133759310
125345568
136576201
136655181
136716778
135779909
136583437
136561953
136482038
136493474
136735953
134583818
134337947
134906321
136613618
136539922
136663598
135708933
136587733
136812346
134953119
136716830
134722891
136796072
136608827
136743266
136642971
136508653
136730919
135026509
135587566
136797940
136598079
136562514
135718072
136504381
136519266
131529729
133199341
136488553
136625820
135744419
136676833
131624571
136396761
136790962
136596695
136576562
136597288
136674881
136534943
136799360
136504563
136745345
136551923
136779248
134996728
136605054
135917702
136705344
135662527
136786043
135643847
129995717
136693380
136720368
136595517
133786235
136738733
136555645
134382600
136567228
136632845
136249481
136604409
136527704
136763680
136579271
136811472
136794168
135556937
135590326
133058949
135218807
136540898
131532056
136567300
135327339
136650738
135826424
136475663
136674054
136474387
136780649
136646335
136678115
136567063
136577275
108691757
136794111
136656272
136714001
136730342
136760131
135913960
136625856
136481400
136781654
136724753
136565702
134337872
135581573
130804172
136503953
136298669
136376852
136739728
136705234
136561234
136543572
136587321
136567047
135612497
136682852
136786498
136594740
136807465
136557395
136724755
136567967
136786657
136719729
136671465
136611614
136637677
136590197
136598689
128298974
136544306
136687852
136578053
136551449
133298995
136473369
136796779
134830528
136741890
134845170
136632373
136188198
136690054
136471046
134511077
136229771
132234401
131532192
136708467
136501948
136646746
136743163
136473764
136647552
135660711
136803818
136585288
136642244
136655274
135690357
134826551
136489945
133595333
136391587
136716549
136531099
136676173
136723108
136655273
136563615
136648604
130236500
131946080
136677863
136797060
136583961
133768142
133661382
136479861
136528366
136674996
136536193
136644571
136545123
136769882
136721100
136808618
136535161
135945925
132774852
128432917
136655300
136808059
136640573
132055625
136603958
132472232
136806421
136739062
136590415
136530310
136782391
136486225
136713948
136619134
136545651
136641701
136740983
136082649
136603772
136694386
136659467
136547095
133630018
136486348
136605381
131542947
136648854
136643613
136564410
136705347
136537045
136583569
136771577
136737342
135048191
134511045
136472495
135507661
136614769
123704741
136638574
136629886
136740536
136714096
136792482
136503534
136538717
136605261
135174042
122924375
136712056
136762286
136516393
134826181
136692420
136812326
136650307
136572364
136448180
136547152
136705478
136217913
135734280
136714423
135482684
136497828
136768812
136811631
136693125
136607975
136646907
136808947
135736626
136705960
136599950
136524107
136621030
136723536
136496441
136485419
136571180
136566843
136076389
136099146
136503955
130739473
136614694
136146804
136761338
135802886
135623736
136713086
136742995
136810756
135581661
136672861
135854710
136810316
136591635
134977096
136702688
136811988
134953102
136536531
135521400
136611148
135219057
136730193
136723454
134712461
134850954
136670413
133697971
136588602
136797084
130899107
136798332
136741244
136656467
136714845
136768572
136596236
136793059
136484101
132417807
136807361
135535859
130759144
136719179
136714518
136714375
135174040
136704174
136582364
133838597
136534972
135588742
136744896
136605629
136723059
136603924
136556628
136806930
129394422
136695543
136526222
136770658
136665709
136731813
134977097
136665318
136659355
136512089
136760510
136667148
136246628
136567227
136543911
135754023
136756493
136622902
136665942
136550356
136741049
136795248
136503213
136593757
136725944
136560979
136564690
136688400
136732909
135677749
135844753
136562518
134337941
136695406
136396717
136785623
136523145
136491194
136001946
136662330
136558166
135763883
136551210
136599056
135689121
136806496
136676295
136690081
136535259
136432869
136596723
136552388
136572535
134778408
136543051
135533058
135555469
136652865
136811943
136479531
136657033
136474038
136581668
136553899
132083925
136520823
136723373
133546703
136489503
134511046
136558069
132560755
132871055
135469727
129949294
136810080
135597780
136582857
135374018
136687302
136611138
136742600
136474630
136671494
136606917
136792955
136701070
136656998
136504337
136678889
134739794
136572155
136074421
136217356
136678252
136583897
136469095
136811467
135548838
136595094
136743977
135517331
136787367
136600126
136674964
136544931
136396740
136570174
136741480
136561824
136778150
136744743
136812911
135742545
134069171
132488748
136632410
135747194
136489277
136797961
136584258
136569409
136539803
136689957
136608583
135533342
136743831
136670408
136584691
136771413
136790431
136727370
136324888
136487293
136482123
136551297
136585186
130368597
136585311
135887425
136556224
135509276
136558644
136585204
136607376
136555937
136582451
136596088
136636605
136470656
136598407
136792956
132017648
136689026
136791894
136610694
134337957
136689316
135295071
136791577
136742656
136486963
136293043
136576107
136536243
136800099
136494294
136635955
136680834
136659582
131274309
136535648
136792373
135467626
131355907
135690202
136570232
136628486
136685388
136603852
136739401
136482309
136741048
136544736
136676144
135824428
136556824
136710112
136551278
133522180
134994858
136499676
136623537
136806335
136669474
134977095
136607378
136694340
135462055
136622565
134427479
136479277
135127329
136559622
136539656
136787191
136408321
136694661
133755362
133238750
134642836
136692972
134606027
136766811
136395641
136482578
133236012
136690427
136612086
136741380
136622885
136678345
136778352
136657279
135275024
136581164
135892305
136502463
135214860
136771996
136526327
136558155
135488174
136503728
133122245
136351535
136584055
134693776
136779644
136586448
136743428
136545077
130685454
136601923
135936089
136787298
136640582
136579018
133759304
135932887
133238747
133234120
136564119
136487829
136783543
135537388
136499667
136685574
135739194
136624501
136592737
136721625
136527173
136813075
136724404
136806133
136797388
134978133
136626618
136545675
136656137
136678253
135700988
136591346
136492790
136770198
136594709
136670201
135594146
136783985
136563386
136808751
136632778
136715623
136582346
134935929
136777540
135645109
133712097
136569357
133953538
136704333
136498012
136488847
136538332
133753416
136738828
135710016
135253281
136490436
133508811
136569578
132069903
136761994
136540943
136705351
133541012
136696135
136486246
136799135
136586947
130212640
136657335
135911973
136728603
136601152
135820130
136650015
136799956
136716083
135708349
136517488
136702709
136733054
136527196
135594143
135844898
134989657
136504339
136666404
136628427
136675984
136504543
136540565
136610851
136632407
135612529
136167334
136610195
136632779
136556313
136581134
136676443
136655770
136566104
136595584
136346123
130914818
135839023
135466226
131527449
136551316
136683366
136795674
136298667
136589348
136483451
132905988
135520736
135247570
136719195
136583120
135886365
136493615
136483541
136567609
136069849
135991223
136536011
136706556
136724342
136485610
136622620
136582244
136586433
136629476
136191304
136689650
136476903
136786758
136683007
136785769
136795554
134713351
136783630
136487215
136688837
135788366
135744277
136595051
129967402
136491246
136787471
135032597
136596007
136643367
133020079
136242954
136509461
136544718
133706981
136670303
136535408
136658293
136782087
135777519
136648456
136563839
134517034
136732305
135323030
136588591
136707693
129926244
133912206
130527962
136714444
133705126
136531652
136770362
136529589
136631514
136700222
136705327
136481311
136351209
135765951
134885042
136653961
136396731
131223885
133146321
136607860
135778873
136048809
136626352
136651360
135438339
136527194
136514260
136504581
136603873
132623871
136504961
136607815
136650068
136500070
136809470
134102737
134723223
134337868
133483883
136553986
133184320
136471581
136568056
136544217
136568091
136564425
136607442
134642940
136657348
136715558
136726348
136792743
124580725
136681623
136790029
135791571
136753121
136674953
136591675
136677141
133785794
136631978
136671430
136659665
136637124
136562469
136602656
136085152
136719266
136509493
135239840
136568851
136609005
135503899
136522763
136553712
136028223
135736625
135759931
136701452
136617781
133187762
136657901
136637139
136632542
135783832
135745995
136492778
136810490
136628889
136605608
136707971
136721504
136626369
136812330
136001439
135398866
131892923
136597481
135582353
136631161
136653162
136661832
136705479
136779259
136546995
136716774
136565394
136724577
136664325
136739598
136482261
136786707
136776210
136752091
136663286
136600816
136654638
136731158
136548270
136563422
136565416
133353363
136473421
136579243
135391318
136789251
136716054
136740095
136593794
136649203
136712775
136601859
136792685
133759306
136652638
136799646
136714033
136596020
134337896
136790487
136680788
136761919
136668249
136680359
136504571
135288438
136691376
133130341
134431408
132528754
132564679
133494068
136774222
135891847
136472523
135708129
136613619
136732317
135526816
135595595
136714094
136588311
136719957
136545293
135650986
136374571
136736940
136745141
136604477
136565988
136812479
136655736
136811883
136572748
136722087
132723629
135695095
136743178
135654064
136481827
132126106
135788956
128758458
136813080
136564239
136531715
128375905
136778928
136702589
136775900
134713043
136517420
136705485
136480135
136546090
133243481
136650896
136750195
136810108
136784081
136587735
136671305
136567501
134744500
136516710
134081928
136782996
136723340
132655368
119427120
136673351
136786697
136473294
134437869
129828457
136568320
130468872
131366393
136594472
136793060
136733469
136810218
120929348
136773502
136799165
131265449
136565341
136219960
136770536
136756007
134926181
136784114
136470697
136573378
136479951
136581669
136734017
136578703
134042104
136579394
136795820
135613109
136812796
131556599
136591048
136796669
135717391
130382237
136554010
136702557
135594140
136629911
136691632
136656265
136626094
136757263
136788888
136589257
136789661
134761663
136646702
136679135
136582456
136482535
136505321
136588589
134946235
136793915
130758104
136198138
136546216
135506575
136683064
136751709
136676391
133725967
136502661
135752292
134337927
136620915
136713609
136607766
136610116
136567253
136770646
136742277
136578195
136586923
136769505
135917021
136538075
134618326
134337960
136799264
136496140
136556660
136586487
136624580
135629185
136525169
132619505
136515553
135845396
136798077
136760891
135842589
135759499
136779617
133573229
134673961
135690535
136791498
134050790
136580384
136620102
132434174
121012118
136795806
136592112
136563470
136715569
133055688
136355199
136810727
136627228
136598113
136731620
136586722
134735873
135612700
136504579
134808746
136555722
136652710
136676495
135865145
136479856
136228180
136582701
136742260
136544080
136585615
136718669
135773740
136595619
136658050
136704616
136632788
136792737
134700215
135993855
135469620
136538612
136609457
136643443
136654974
136677514
135631264
136476056
136637618
136627331
136738928
136621824
136789591
136333435
136740959
136677160
136565093
134337885
135601698
136785995
134267682
136579015
136678364
136481468
95670838
135668257
136695779
136651093
136556326
136735602
135787612
136346066
136796320
135661875
136701169
136784891
130767386
136576262
136547436
136640723
136703447
136670522
136800033
135873602
136569559
136798322
127280357
136767385
134511079
136631976
136730031
136766844
136795742
136785306
135854709
136720836
136774684
136702795
135926439
136531421
136805315
136670386
136808693
136535831
136567718
136735482
136565650
136693368
134337864
136649416
136573781
131992603
136705350
133769469
136623742
136657889
136606103
136706511
136551421
134174152
136805795
135704370
136798668
136734549
136531850
136653755
135547934
136261568
135547958
136745560
136791236
136601627
136625785
136576078
136652080
135935142
136562342
136743767
133518288
135602434
136811194
136549033
136620103
136350338
136485984
136752288
136573385
136659763
136710537
136396701
136566117
136704014
136567236
136616262
136675481
136737821
136791117
136721380
136790774
134800136
136773055
136645918
136485840
135559991
136325150
136029015
136704678
135816769
134684677
136587426
136551291
136675068
136809773
136540881
136724484
136604504
136770915
135603450
136793409
136511096
136561373
136714932
136579631
136594943
136629850
134679584
130426180
136527384
132839981
127632538
136566075
135704440
136776738
135540142
135488547
136702570
136614684
136069251
136694808
135601789
136780994
136742644
136740818
135508502
136656843
136636165
136536740
136537014
136680338
136524322
136604914
132903706
136738713
133301283
136472517
136159372
136030371
133264139
136731817
131527812
132161221
135696242
136701867
136809820
136641218
133473965
127280959
136709822
131255075
136533422
136478068
136691889
136717614
136797041
136671060
136533389
135214388
136637884
135240653
136532862
136476990
136568116
135615083
136619455
136567872
136578981
136740299
136488711
136714461
133974314
136808954
136559940
136703557
136652821
136753576
136787302
136496623
134660408
134567677
136663244
136693698
136796013
135624282
136552934
136609937
136646327
135876123
136799377
136701116
136739961
136808766
136527510
132517013
136561804
136796693
136591003
135554824
136565686
135562556
136037070
136567052
136745190
136498932
136550077
132873547
136793249
136523277
136297929
136638075
136604747
136630995
136529051
136603815
136810014
136637158
135474476
135757128
135663394
135753961
136626262
136741105
136475136
132778368
135895159
136465971
135737769
136646728
136779353
136667076
136504388
136605611
136639427
133935653
136799142
135851470
134888698
136562477
136469174
135619670
135112721
136573215
136095693
136489383
136694038
136670393
134639574
136736670
130960349
136610494
110755197
129499100
132893271
136558931
136795016
136792449
136611404
119636237
136566174
136773670
134337908
136558543
136605014
132976678
136500928
136621307
136799036
136738740
136777561
136286821
136573503
136655006
136535354
136480149
136803150
136799393
136641165
136720631
136752070
136502248
136594168
136492436
136654124
135732484
131943198
136799129
136602489
136765601
136566215
136673479
136566561
136504744
131624632
135663946
136812319
136778933
136574718
132729921
134603068
134847023
136631670
131064811
136789694
136577901
136481026
131687862
134698052
136812323
136795115
136780515
130661485
134443748
135821912
136572710
134832524
136670380
136735803
136730516
136645103
136765203
131527757
136591655
136630347
136536497
136589111
136617826
134943988
136742134
136368707
136560888
135507066
136703620
136539068
136553755
136562620
136797819
135174044
134337988
136764522
136637470
134805378
136736137
136797717
136658302
136406136
136109185
136731622
136558756
136656837
136728022
135712734
136479853
136743133
129974513
136531899
126821915
136651528
136579780
134488204
136702985
136566574
136491725
136592088
136804399
136725903
136551756
136704674
136525741
136771806
136636909
136489376
135719305
136778185
136629007
136561882
136503115
135729425
136651241
134720840
135509577
136588899
136738881
135712690
136203714
136593406
136658668
136667920
129240531
135562665
134381666
136477104
136714095
136810288
136703154
136794393
136582013
136674114
136778998
136499954
135705636
136553637
136489966
136593424
136552223
136643971
133486778
136486401
136600780
136813137
136551288
134884403
136581345
135256928
136568431
136218486
136586320
136566546
136580814
136684870
136489935
134730350
134678744
136285165
136638811
136722868
136659752
129415074
136483205
136775826
136812329
133244957
136787076
136791718
136671815
136744022
136810547
136487716
134738362
136522156
136606516
136761669
136626708
136801231
135645640
134500175
129580013
131812685
135192214
135215180
136775365
136610862
136638228
136733001
136592302
136634171
136670422
135707991
136752402
136579578
136690230
136766524
136808999
136775569
136308150
136791116
135594145
134850956
133895420
136702545
136666723
135485240
136510116
136592843
133763098
136563310
136803414
136504568
136523818
136539448
135605464
136713480
136534591
136637661
136791237
133509408
136607586
136745189
136534917
136630016
136715285
136780345
136494566
136810871
92964494
136551294
136490982
136685297
136531741
136791238
135639781
136724634
136807440
136648318
136583075
136555621
136779814
136740288
136807473
136656901
134426315
136224512
136702420
134655856
136614764
136769494
136732556
136794354
129397447
135851012
136085374
136772567
136628643
136647589
136038485
136608473
136477112
134842488
136596545
134754593
136482497
135737448
136499645
136609580
136667623
136675374
136644956
136601781
133234122
136812324
135994365
136559976
136591616
133438983
136724640
136796015
136786725
136396703
136734457
135695697
136659512
134536794
136812986
135722393
108157362
136525669
136539524
136574779
136609471
136087141
136608432
132465590
136554056
136720373
136776902
136734024
136579272
136775586
135858526
136482139
136591914
136796706
136733258
136737197
136778082
125718406
135852258
136741834
136565180
136326753
135993367
136564038
136783735
136493432
135020974
136503207
136773455
136559902
136499431
136702785
136564269
135597839
136532286
136605253
134492344
128931398
136800057
134648396
136525340
136212393
136565953
136765010
136575560
136560366
136591381
136555969
136504869
136705348
136573287
136630641
135689724
135734095
136774597
136534779
132827258
136631951
136722807
136496220
136536900
136608363
135660712
132442539
136562391
136678015
136469538
136624556
136601849
136680080
136649568
136757012
136799376
136095950
134756393
136631526
136632516
136620478
136703235
136622137
134827150
136693791
136541408
135781456
136780503
136789960
136608423
136545186
136743930
136674943
135469974
136780888
136600161
136559948
136651478
136526092
136584331
136498973
136688374
136788921
134898093
136607997
136403510
136705345
136675069
136540303
136482147
135606620
135774544
136489280
136640362
136702690
136646634
136516496
136741387
135814015
136555558
136586311
136516739
136642099
136530687
135242490
136577904
134655808
136593119
134575376
136692060
136537578
136800963
136550342
136575223
132523598
136689799
136519874
136799388
136559515
136632520
136631700
136495777
132660848
136812402
136788941
135181650
136583119
136756492
136647225
136694343
136700737
136719991
134697418
136670407
136809226
116482882
136552215
136537503
127822855
136769566
136527326
136605417
135616160
136651565
136797378
136556173
136718166
130961097
136743466
136534844
135787603
136812731
136582415
136655310
136497565
136673778
136596554
136630996
136536418
136532607
136593116
136681441
136534853
136808831
135753018
136538634
136697456
136729800
135817815
135759803
136779202
136583607
136710452
136770952
136651167
136704980
136798464
135778860
135579435
134654218
136786001
136701939
136544869
136726053
136645016
136536135
136806495
136566939
136657700
136716784
133867929
134403029
131778792
136786822
134337937
136527867
136741086
134175848
136644656
136778215
136779686
136609053
136613792
136775238
136735031
136749790
134733240
136730528
136478797
136471339
136549334
133220224
136677581
136768111
135783294
135831481
136811154
136680037
133944021
136544352
136709937
135834822
136497280
134748419
136737059
136591010
136539667
136688279
136668524
136570559
136724774
136680744
136551194
136694749
136640775
135029864
136559867
136786435
136553535
136696495
136623852
136769386
136714283
135943156
135784418
136739539
136804143
136605169
136529201
129637403
134976679
136550218
136597354
136485081
136810134
136558573
136545884
136785657
136599643
136590496
135466107
136594579
136742660
134618325
136490693
134337944
136775256
136777884
136721367
136559252
130977063
136211248
134597958
136618848
136480769
136553816
136504541
136617800
136636958
136543284
136495635
136666673
136594812
136589976
136504546
136623828
136749680
136768116
135886980
136643478
136704919
136790339
136539921
136762291
136601822
136478622
133661297
134277734
136546811
136544515
136783646
135793872
135726908
136719253
136659890
136658391
136626595
134767030
136811747
136805792
136717105
136784201
134199643
136608804
136704495
135824691
136565075
135604172
136767794
133483882
135731639
136789652
136653768
136796000
136521964
135802015
135642115
135841663
136775213
136608382
136790465
134754039
136667027
136180682
136785100
136503612
136739195
133723550
133804668
134619000
136696313
136689778
136621826
136593075
136480823
135596729
136486830
131527772
136675983
133908433
136560620
136705869
133712102
136502886
136796005
136564679
136643495
136740146
136478233
131881770
136568073
136564994
136556598
136743918
136724253
135313473
136486909
136566658
136550176
136097653
136502826
136806296
136770657
136655737
136640341
136705298
135615302
136141227
136519833
124885004
136724419
136742040
135590202
136743048
136653688
136585270
136584144
136561987
136650286
136704683
136695360
134610358
136544826
136768040
136719285
135735584
130687752
136547346
135708950
136433405
134534807
136703953
136691861
136552140
136736919
136688493
136776078
136714908
135692942
136745117
136730683
136492514
135523373
136641315
136681885
136808112
134649039
133899971
132154240
136805206
136565164
136604836
134832612
136810734
136561458
136670410
136546982
136570678
136630665
136670385
134639573
136531645
136644545
136694323
136476476
136588530
135985140
136644346
136649567
136707691
136703753
136662344
136583324
136797950
136740145
136548922
136580642
128931396
136575842
136654543
136588905
136730571
134439387
136736621
136637840
136660138
136710479
136656619
136603636
135525058
135295249
134850955
133769624
136795538
136648613
136492526
136674206
136524169
136740147
136551977
136497396
136662966
136562309
136585113
136801287
134876293
136546948
133537975
135899587
136546789
128255520
134332545
136809137
136771274
92964515
136628854
135166283
136688190
136773863
136564761
136485798
136552523
136770073
136587041
136705572
136695449
136793493
133350637
135726704
136697601
135583860
135740189
136811606
136694765
135525505
136494302
136544808
136609608
136670820
135658880
136081098
136738720
136549339
136593522
136248967
136758089
136482661
136552815
136490412
136556707
136547517
136805324
136776633
136573782
136783799
134950724
134766206
135626100
136714742
133699819
135609451
136625723
136583739
136181936
136793723
136484951
136775258
136725214
136499955
136643070
136794374
136545157
135787254
135583663
136752371
136483496
136489790
136540868
136720277
135892016
136487518
136499291
136705297
136571066
136734529
136713222
136609502
136694346
133600963
136812070
131738208
136576774
136649892
136648576
136784392
130006279
136059429
136610905
136802061
136574798
136794805
136787647
136771779
136504750
136797252
136780257
135551609
136797836
136580406
136609559
135454040
136622729
136559953
136688370
136789420
136794485
136782644
136676589
136578185
136635697
133044288
134797081
136649654
134032283
136805786
136809453
136633700
136658066
130977062
136778068
136538509
135358782
136776402
135646249
136808674
136712608
136692095
135632101
136596784
131531637
136599647
136541037
136722297
136502819
133712101
132456672
136777029
136015082
136651387
130020216
136673803
136305941
135703223
130693197
136552864
136787426
136682678
136737443
136690047
135968487
136788226
136782797
136643255
136791309
136434881
136761115
136628340
136567068
136655025
136482597
136542914
135003809
135829890
136592279
134618577
135849892
136767386
136651761
136763205
136589652
136598100
136756803
136707772
136741064
136672611
136804392
134870018
136595289
133469942
136702423
136673719
136531878
136504557
136558657
136522527
136573588
136586604
136717459
136790038
136654511
135788298
136763242
136481001
126671325
136778418
136505196
136680135
136473771
136721621
136714521
136651971
136718216
131771633
136526628
136352058
136643166
136603497
136812979
136655597
136684347
136637422
135703612
136562429
136520139
136556912
136580078
136670376
136341544
136812350
136490409
131809815
135659877
135781631
136566271
132757601
136704022
136769632
136542842
136629686
136704656
136490740
136683676
136142846
136567076
136723937
136621533
135813988
136608949
135756242
134722103
132917772
136790959
136538568
136481867
136481521
136671918
131528736
136644202
136551284
136642229
136766505
136597857
135949931
135584643
136488838
136655048
136771079
132022524
135358242
132186898
136783445
136809588
136743131
135365432
136496810
135868486
136692535
136487719
133705074
136717944
136535249
136516216
136586852
131529447
136606146
136724263
136533457
136705305
136779474
136583838
136629704
136743232
136641121
136725236
135596747
131072502
134699673
136783024
136704427
136809103
136197078
136495051
128174473
136776634
136795150
136604415
136538040
135717560
136605251
135253841
136778925
136531138
133767082
136795938
134710092
136527456
136569183
133442212
136761920
136578842
136527195
136605688
136671282
136478412
136537123
136503401
136581193
136667493
136808271
136723431
136797942
136720481
136763509
135770716
136770426
133243424
135924418
136550616
136633668
136477216
136751729
135865924
136629963
134842031
136524831
136788345
136745132
136739840
136484825
136692150
136642453
136678483
136785756
136620268
136806134
136537791
135699640
135185189
136792734
136536436
136607682
136799615
135028180
136483603
136585105
135617396
135562865
136245547
136596947
136655987
136564706
136703121
136556653
136809874
136396725
136503245
135514102
136602092
136704035
136502701
136551299
136674331
136646148
136662890
133813564
136298668
136736460
136775895
136702541
133517271
136767772
136791496
135699295
131576155
135378964
136792863
136567862
136561977
136737090
136520809
136534963
131366146
136534702
136538044
133268723
136702610
136537792
136726574
134942948
136676116
135602646
136809488
136636236
136636278
136500959
136623468
136604473
136658796
136547368
136500706
136670405
135869015
136629201
136741259
136522070
136551290
133895973
136475168
135994513
135830310
136795787
136504668
135527698
136525008
136703434
132018417
136711301
136805778
136509629
136734111
136756100
135767952
136632324
136656755
136635156
135600860
136531770
136516463
136607678
136704672
135842145
132986173
135740568
136499631
135591305
136776068
136672828
136555228
132759856
136672150
136653616
136670680
136650811
135008945
136681831
132457460
135769188
133562853
136643879
136789421
136528611
136687680
136677817
136651631
136636254
136503690
136685425
131809309
136589581
136531066
136572745
136710671
136552226
136689066
134337962
136556373
136124439
135521055
136580327
135901206
136806319
136614638
136692612
136540311
136498176
136541628
136599261
136780259
133500815
136657069
136652091
136474419
136246627
136752854
136800919
136632636
136698114
136570027
136759669
136790613
134511076
136614571
136631353
136744422
136566988
136498036
136564167
132917769
134730778
136491443
136791996
135904403
136715115
136609190
136707305
136072542
136753313
136624850
136690061
136485135
136577570
134661095
136585764
136727144
136536286
136519617
136618599
136585883
136602920
136722461
136754424
136774390
136591851
136738381
136673701
136472538
136797938
136730315
136576477
136680599
136497567
136686147
136614609
136592138
136570161
136530519
135439642
135823409
136258713
135611520
135755124
136663056
136657524
133725352
133219994
125604510
134329202
136742887
136776826
131527704
136590747
136565888
134651219
136537988
135748965
136617038
136704626
136680205
136787299
136534611
136782567
136789684
136785654
136479889
136645311
136702804
136797939
136556117
134841160
136549145
135839672
136499393
136670415
136654218
136535210
135902190
136533726
136728582
135648785
136745337
136787303
136776842
134786469
131187682
136474021
136575241
136670420
136540320
135285950
133518315
135667522
136704933
136555296
136700440
135027511
136574403
136737624
136698873
136007603
135533059
136666200
136561835
136619193
136541505
135788438
136583356
136629402
135940176
136504566
136771809
131794396
132029264
136801810
136600273
136430426
136724113
136597768
136647999
136701946
136510729
136596176
136601564
134207263
136799471
136546906
136806819
135622058
136591560
136650454
136647220
135880957
136697123
136779676
136666301
136621817
136728159
136534173
131529653
136624461
131602625
136599134
136578446
136670419
133906557
134337875
136580662
130278051
136546757
136648636
136661874
136723375
131995174
135594142
135518288
131527797
136105972
136646306
136727374
136581695
136483201
130395100
135966934
131529534
133826854
136780439
136770906
136671715
136670282
136653436
135161112
136341222
136609708
132488744
136761918
136554446
136511362
136478172
134029197
134816858
136620771
136538283
136724075
136508459
136568077
136563030
136587569
136676182
136736106
136565497
136668057
135320569
136679307
136712261
135509151
133539136
134985158
136643578
136566491
135617685
136730641
136648181
136632193
136610714
136542002
136547377
136613331
136705233
136500630
136599996
136584769
134527524
136560604
136705481
92964605
132593182
136504585
136785655
136522545
136803198
136355122
136812404
135760027
136768447
136693122
136688030
136535891
136663211
136779902
132725139
136544454
136704681
127843906
136807589
135524055
136027839
136563778
136475966
136656543
136497929
136493902
136484104
136514768
127926587
136221778
135843382
134441123
136474895
136170929
136734380
136779076
136487526
136773191
136600996
136618253
136745413
135608036
136680905
135528525
136535376
136304434
132399776
136809677
136646329
135658882
136661050
135545262
135702570
136679340
131531732
133712098
136541410
136502591
136489349
134498045
136628199
135622337
135788357
136567269
136547804
136602149
136667570
136521136
136588639
135382567
136595746
136704679
136560976
135874208
136622527
136635942
136591972
135634825
136606818
136737820
136674176
136701362
136809764
135723635
134432083
136721051
136677170
136592758
136643213
136574742
136792698
136654591
136546156
136735785
130751497
135743630
135363451
136723421
136778635
136603871
133302757
136490650
136649436
136235137
136809199
135744945
136491064
135605894
135628804
136607600
135754596
136532547
136591571
136566776
136582949
136498788
136655735
136566677
136785792
136770967
136587132
134785036
136742717
136640354
136478799
136703692
136547773
136680956
134826971
134969493
136475683
136569298
136650816
134445390
136664850
135489229
136739729
136809451
136641551
135474246
136670382
136496550
132169037
127072579
131813962
136718164
136142151
136493587
128659873
136796758
136807002
136054297
136722590
136717950
134582288
136503010
136584064
136807381
136509652
133759514
136480419
134173749
136565236
136710459
136551295
134033517
134337922
134733076
136582104
136058188
136694870
135889172
136560602
136579700
136543386
130614384
131800178
136533735
136582402
131692764
134445820
135942433
136546966
136809801
136700736
136702655
136742959
136786866
136632188
136628693
136564289
126070028
136555605
136763103
136128310
136796728
136544702
135350254
132483970
136683246
136510760
135779514
135028646
136731993
135420181
136594080
136769987
136566176
136245097
133808368
131529815
133629967
136486916
136476806
136594987
136773154
136682366
136794434
135009727
136559994
136694866
136654260
136718773
136522992
136650390
136772677
136600146
136778348
136593597
136503934
136478521
136683025
136743064
136635665
136504551
136667565
136723101
136599013
136556826
136583279
136556751
136573953
136735830
136566356
136478231
136741270
131005764
134977276
135604504
135526738
136734988
136774697
136672396
136739181
136236200
136524841
136672526
136591516
136624154
136588346
134638859
136780551
136495537
136548287
132055654
136606588
130104089
136704513
136660223
130556054
130536374
135644353
136500508
136703401
136722816
135187444
136661814
136705088
136001945
136635792
135753808
136618645
136731873
136525551
136803523
136628945
135729769
135793546
136650949
136705657
136799161
136538477
136803910
135590482
136711051
134648836
136619650
134793856
136654382
136738447
136715592
136670387
136610369
136555295
136549766
136666182
136609487
134948612
136770994
136808741
136737433
135780260
136605828
136812342
136658561
136670389
136499120
136562104
135692367
130077075
135610075
133234118
136403151
136796042
136478919
135894293
136652255
136582420
136765557
136537462
134977101
136794172
136670402
136489907
136502431
136608649
136779292
136633669
136503839
136677645
136538301
136812106
136671372
136750260
136752676
136668051
136512521
136574955
136712971
136731815
134942744
136806821
136564978
136737120
134727308
136599954
136678481
136570184
136477242
136481715
130959211
136665317
136492492
136706085
136713380
136608262
136671898
134717827
136662667
135403145
136556583
135032596
133847138
136593499
134490072
136567487
132232892
135702879
136778485
135969194
136734300
136791962
136665281
136480093
136653426
136791542
134743431
136480937
136642129
136543106
136775375
136737043
136789371
136014411
136606649
135735012
136611390
136563108
136776230
136776051
136686614
136610663
136641703
136756380
134494244
136396707
136721463
136583536
136792655
136587285
136623973
136556619
136572552
131831455
135411761
136533810
136812325
136551289
136631416
136710410
136644802
136565403
136658319
136622745
136615943
136590642
136489694
136538666
136641269
136227487
136604521
136482408
136741012
133909169
136682912
136712062
136734995
136663465
136689582
136591983
136726162
135733384
136504537
136687460
134574518
136224715
134703471
136512717
133442879
136779791
136625051
136649559
136670406
136798943
136737170
136525687
134928087
136566179
136483973
136504552
135474007
136576831
135717418
135777604
135764940
134705105
135787156
136494687
136539751
135757126
136723415
136492883
136566213
136126513
136758706
136498977
135032935
135759579
136647853
136797390
136476260
134546033
136602981
136591021
136501762
136620230
136710195
133753907
135819535
136669965
136680475
136735106
128969294
136495822
133722680
131990682
136806315
136602087
136809719
136500395
134962575
135957608
135631443
136492383
136736803
136780346
136635549
135731366
136677872
136680661
135236503
136765127
136674030
136512302
136678449
132967328
134990101
136713458
136738092
136581061
136524843
136628074
136726535
136534428
132856454
136706974
136643517
134504808
136777200
136637377
136718649
136790896
136559141
136776938
136649508
136681468
136740745
136620106
136652807
136567103
136670416
136491669
134921542
135931113
136491270
130697948
136706884
135554471
135462022
136447914
136485648
136503007
136557384
135624061
136798385
135486488
136773607
136788147
136519187
135758991
135871775
135030738
136580096
121544003
136569558
136740504
127168950
136596096
136795087
136021831
136649505
135528214
136638882
129263530
135547878
136704056
134337877
136569606
136475975
136508675
136595832
136742527
136726123
133728174
135454636
136692507
136625978
134337882
136622469
136492411
136629958
136538592
136797399
132993118
136743797
136775682
136746456
136545122
136717134
136717876
136683616
136808598
136534862
136689615
136739437
136658793
136649345
136689567
136809284
136735646
135207373
136520631
136761740
136806885
134510044
133453768
136566947
136620753
136746619
134896866
136591497
136644420
136547864
136627291
136496588
136504583
136592003
131775954
136730302
136805788
136702786
130330372
136656688
136487665
135717776
136794091
136690067
136675752
136812031
136678014
136733905
136522788
135452110
134744321
136538535
136569448
136550476
136795328
136633681
136390627
136541094
136775462
136647362
136732834
136567900
136777571
136699481
136593372
136732109
136711615
136697120
135253815
136713001
135756755
136702666
134607015
136662719
136204095
136281130
136736182
136605195
136661773
136735907
136640519
136609925
136721108
136567067
136793228
136536823
136159766
136107322
136567304
136590380
136539912
134615668
135757929
136812321
136670394
136567092
136724207
136499690
136564948
136509221
136646228
136671661
136584030
133099848
136576908
136775648
136470624
136648240
136483598
136555297
136519675
136576671
136777915
136613336
136551296
131531592
136552016
136601468
136808114
135720236
136678503
129615773
136537147
136562062
136670395
136791757
136714113
135992204
136677193
136523625
136645992
134375876
136699213
135945017
136737423
136643107
135756754
136585035
136524541
136636834
136650869
136672399
136554589
130761798
135048096
136545972
136810813
136581163
136666903
136560448
136670396
136490396
136519968
136718281
136505967
136551151
134318672
130779411
135421057
134503872
134251512
136798860
136599501
134493866
132887453
136632859
135776012
136788709
136194485
132917773
134882867
136770086
136778589
135882662
132877461
136760841
136497931
136756672
136091442
136523700
136812150
136637571
136670215
136606932
136777471
136723197
136579873
136551300
136641090
136588886
136782742
136761739
136503952
136790645
124487103
136666754
136567565
135837603
136782336
136102405
134786471
136601671
135588762
136663734
134541649
136761738
131534228
136477130
136719776
136585566
136798660
136623984
136563452
133546687
136544513
131720041
132866402
123879213
136702787
136705954
136539587
136649676
136790000
136736415
136575417
135157439
135752116
135982778
136649197
135491985
136653095
136563669
136584360
136659689
136771701
136753818
136772935
133764217
134883990
136603511
136159150
136546928
136658591
136679312
136530673
136495754
135896744
134445180
136743512
136769364
136483315
136788934
136497524
136809758
135997343
136741961
134617717
136616761
134901842
133091643
136563378
136593295
136810528
136005739
136541013
136617432
136807675
134721160
136502821
134337916
133373607
136512462
136597300
136548496
136511846
130236757
136610160
136553519
136515971
136651864
134337930
136480147
136727865
136557538
136472877
136714351
136535536
134511368
136543310
134781268
136667019
136543491
136737068
136557284
136483809
136228913
135515842
132779451
136504556
135691972
134249808
136494644
136480839
136565136
135902999
136487307
136543401
136809970
136606034
136590511
133481368
136653990
136638490
135770945
136524522
136677598
136639683
134977102
135606136
135557818
136701646
136532136
136734938
136760647
136560354
136792447
136786927
136504544
132760504
136590145
135946509
136559372
136588521
136654480
134737304
136405664
136568759
133894850
136773124
131366409
136741108
136797943
130961093
136538298
136497978
136730770
136746894
136688430
133468041
133831712
134860062
136611731
136543612
136641152
136401989
136199521
136600295
136632322
136662275
136505113
136561981
136738950
136603582
136552164
136596411
135707023
136607120
136670605
136768589
136724569
136808459
136720837
134525140
136571071
136693159
136760508
136801759
136499069
136775795
136607946
135721205
135459520
136724258
136007647
136672741
136570402
136396724
134649575
136738387
136531814
136650529
136494949
136775003
136639090
136808528
136535010
130318235
127839985
136545550
136587732
136578258
136685664
136582035
135915780
136566597
136782693
136523679
136739003
134539514
135755425
136625364
135113949
133730446
136242204
136686604
136693646
135724395
136744926
136722850
136631600
136566946
136670391
136798291
136563222
132866199
136792061
135743584
136810413
134559874
131671766
136536604
136598584
136722189
136015792
136522722
134626246
134478796
136556217
136699729
136606645
136680180
136646253
136592360
136791218
135348264
136686478
135630370
136738157
136762878
136652873
135869480
136469654
136644305
135886751
136644946
134807891
136740569
136728551
136473909
136567625
136624402
136638158
134337893
136574832
135701265
135748259
136696201
136778938
136559398
136634436
131895759
136777883
134733200
136739403
136805268
136556822
134835166
136627696
136559299
136718966
136588513
136482148
136649916
136754981
136694192
136551287
135844457
136633671
123505902
136743109
136701181
136729666
136553377
136534307
136610115
136695458
136689251
135845272
136708698
136658421
136719093
135203715
130988683
136407582
136679749
129671061
136703469
134666482
133759305
136520659
136559639
134751295
136640941
136624752
136743602
136645995
136396744
136783304
136800672
135663518
136797208
136532493
136720666
136487871
136602484
136675886
136778189
136523789
136595661
136646140
136528299
136586572
136695051
135896301
136468562
134867286
136504019
131814033
136703569
136812729
136647964
136792433
134942949
131686975
135174043
133556731
136013409
135738243
136686452
136533328
136770934
136775497
136782493
136537964
136498921
136756308
136569125
134511043
121923039
136787301
134907913
136542777
136632838
136630064
136487014
134505570
134655945
136718994
135812272
136629430
136504539
136647584
133988842
136792134
134880451
135695110
136705766
113122269
135889604
136536686
135714023
133469158
136551338
136759013
136504509
136567308
136648283
136807986
136595819
135577804
136567066
134988804
136797023
136793352
136796538
136521062
136562131
136489897
136704663
136554350
136329951
133495944
136525704
136530335
136558465
136591633
131366371
136686429
135692793
136496363
136087007
136806147
132184527
136768914
136689523
134816644
136590561
134337932
134943077
136701587
136609886
136666371
134337912
136686241
136533563
136743301
136745333
135938095
136684548
136763974
136637360
136172791
131848590
136178373
136483360
135726765
136697125
136691878
136578127
136504553
136472602
136809476
134146810
136499863
135818149
136078725
136587862
136621519
136672808
135581834
136780252
132774731
136761741
136734745
136482495
133978318
136572117
135872606
135645540
136767113
136498565
136595257
136705332
136499278
136721697
135778464
136598712
136728623
136798523
136479490
136601607
136500284
133742640
133659612
136546889
136491074
136678536
136605739
135692834
136617584
136521180
136471778
136796921
136590499
136192639
136608996
136524955
131798267
136696174
136499674
136771606
136658406
136641082
136752939
136705544
136796014
131529505
135592428
136532230
136807700
136475166
136584146
136597771
136705303
136591852
136637298
136742702
136481939
136519682
136672556
136768533
136561113
136731481
136538939
136713165
134760744
136775156
136805790
133486535
136504562
136802284
136540103
136524456
135360836
135774515
136787047
136723377
131624657
136669019
136481174
136651181
136794083
136067987
136589920
136653157
136792158
136496899
136415743
136740827
136646766
136745278
136314138
136732510
136535931
136605252
136692574
136650017
132249375
134247074
136545281
136594951
136610167
136793142
136553255
136556683
136489976
136535533
133709353
136742045
136578835
131656676
136478489
136748464
136776795
136551281
136695108
136479193
136780552
136504357
136797516
131535178
136723229
136560061
136654263
136739064
134721015
135772783
136794522
136791234
136738357
134337905
136807205
136502756
136810164
136603702
136735373
130931534
136334825
130961096
136556450
136606387
136807334
136568873
136672678
136798064
136738501
136502391
136646709
134977105
136680228
136764700
123688996
136621428
136695701
134308643
136610129
136773262
135655675
136661846
136485399
136567572
136396735
136770414
136783696
136786843
136577434
136535852
136129580
135197125
136588496
136551988
136806074
136664851
136721544
136504545
136780112
132917768
136566036
136786778
136634379
136654509
136650127
135557380
136499415
136796475
136769903
136551277
136504783
136375263
136657525
136669338
136666681
136675731
135601381
136591428
136559883
136742779
136800038
136646236
136720940
131366332
123467584
136799383
134713172
136795995
136791893
136632146
136600989
136652965
136795514
136793497
136649940
136734712
136810683
136577790
136654071
136558860
131511657
136004925
131619968
136761773
135463099
136557776
134542797
136812071
136380862
136783764
136810991
136486956
134445537
136682716
136638391
136167138
136533337
136370676
136665088
136622039
136783414
136742517
136723339
136609763
132153925
136740787
127843549
136551937
136493660
133109397
136147657
136504909
136587195
135851513
136772866
135661396
134478756
135507014
136693378
135278692
136743190
136798333
136695421
136570832
136654973
135552565
136602486
135774345
136730744
136806426
133661414
136596161
132928476
136575956
136665938
133722627
136657900
133407395
136680403
136535133
136534559
136812951
135792810
136672135
135768344
136538422
136718748
136763203
136650875
135660460
136511003
136652503
136072122
135838419
136565235
135545824
136631705
132259808
136782496
133704701
136607778
136497932
136787297
135893917
136786119
134693778
136683454
136643265
130961092
136192422
135707702
134576433
136751085
134870731
135384311
136482927
136664633
132612739
136722207
136669600
136465582
136636434
136738446
136812320
136499956
135520393
136704675
136593405
136616417
136593474
136764850
136498021
136644392
136764810
136616175
136740604
136809882
136575446
136741329
136578667
136704067
136527092
136610212
136544932
136811217
134977421
136746448
136654118
136652855
136653392
122390433
136730551
132958952
136797962
136793968
136762663
136504536
136632533
136518295
136788964
136587103
136777491
136740473
136780023
136491909
136673736
136075421
136711629
136670412
136626881
136602306
136806137
134337890
136775762
136791312
136670379
135195468
135978764
136653698
136539918
136483169
136724112
136691862
135662153
136319809
136558167
136624513
136637766
135779530
136661923
136578899
136714519
136476904
136655241
131675405
136666737
136540817
136784963
136690098
136596387
136645200
136608688
136554998
136594706
136670016
136675195
136749683
118704925
136566544
135454022
136775358
136774181
136583507
136579783
136758548
135174049
135465466
136522170
136560561
136492648
136556811
136563056
136494723
136716315
135919997
136545948
136761921
136788334
136273561
136724754
135745242
134953120
136703586
135618350
136686386
136473481
136598299
136735005
136721040
135792800
136588016
136082408
136650177
136502870
136581845
136579778
136582509
136473394
136588042
136543258
135502436
135035698
136776799
123026328
132757036
136670417
136661389
135686379
136543137
136643118
136618420
135734429
136491042
136585025
136490590
136588663
136483573
136168730
135740256
136655184
136693700
136793571
136650173
136671449
136637164
135601297
135726799
136773415
136640672
136475167
136541342
135504281
136782499
136474596
136473904
136491535
136600851
136592111
128745772
135716446
133555341
136583861
136581065
136293571
136526378
136541953
136793236
136670401
136559213
135701497
133629743
136807901
136609139
136481702
136603241
136552789
136584278
135776995
134663543
136374600
136548734
136378331
134052965
136763583
136732522
134337887
136724241
136704564
134557621
135831108
136740603
136705580
131590435
136739554
136504559
136472386
136481260
88929336
136600621
136703496
135586671
136686198
133099990
133009535
136538425
136737878
135683842
136555723
136763477
125282403
136768178
136092061
136396752
136629765
136704677
136786441
136110219
136779765
136514373
136704921
136795543
136487760
131624388
135594147
136245081
133545965
136578913
136809036
125323941
136530410
136555737
136704682
136561648
136640928
136794030
136742046
136659722
135634346
136810671
136717580
136703556
136504126
136740711
136533165
136545501
136521998
136648595
136776403
136644771
135713605
136639695
136481683
136602423
136735813
136694103
135907670
136593678
135574649
136598590
136625679
134978129
134174380
136670403
136491264
132034517
136667026
136478114
134653860
136611856
136470363
136544261
135496337
135734430
134064178
136685891
136392520
136811152
134019746
136628650
136577843
136772651
136812013
136697637
136561062
136689348
136537554
136724918
136626011
136771864
136510473
136695350
136572268
133759313
136710942
136656942
136694339
136636744
136678925
136788520
136789142
136500839
136580130
133569173
136606907
136657081
136500994
136557683
136608803
136727484
136646942
135845283
136524186
136587487
136657526
136702652
135861285
136494605
136586309
136795043
136683178
136717628
136522288
136798568
136812327
136526790
134697266
136702619
136721279
136767356
131602878
135646232
136024932
136707004
135792806
136735411
136624546
136718432
136602485
136740188
134053112
136712914
136579990
135639570
136682846
136632007
136561743
136651218
136719282
136739727
100578456
135877479
136566177
136528523
131248727
136525798
136756370
136647985
136657237
136679185
136667432
136637907
133814756
136771277
136086994
136710731
136620754
136688319
136674779
136503744
136482043
136600994
135594144
136624746
136609910
136688373
136804154
136533816
136556746
136812331
136654051
132736566
134529878
136727466
135219670
136603813
136805874
136579701
136476278
136740417
136592963
133518768
135460213
136635446
136760815
134085481
136679198
136197077
135200733
135851369
136806177
136677257
136812949
136617268
130200702
130201835
134262283
136664848
136626998
130005563
130961089
136035315
136484888
136548863
136557775
134830309
136811782
136579570
136794652
133083442
136475131
136646654
136563035
136545623
130384940
136704055
136737524
136812322
136568110
136486011
136285971
136656553
136779584
136095284
136548830
136476242
136589276
136656797
136683596
136484931
136676219
136619254
136638973
136570992
136492925
136551270
136471586
136244216
136551629
136679750
136642271
136679775
135880009
136779070
136471244
136546575
136762392
136705745
136597097
135615214
136610536
136670787
136220553
136753835
136720697
136583637
136246625
136745435
136656473
136396720
136684552
136744589
136638395
136675391
135680516
135627835
136650850
136702602
136812081
136797575
136602776
135745681
136493311
136577518
135993769
136793242
136579014
136674395
136602483
136628857
136667696
136703113
136591850
136586632
136631336
135778036
136810280
136035659
136796012
136786943
136787610
136798224
136493586
136739122
136573480
136809114
136647653
136698477
130360347
136502215
136774931
135986819
136106830
136535405
136581963
136741060
136543141
133759309
134566864
136794653
136553690
136646729
133674726
135760721
136532614
135692042
136624724
136551283
136651024
135189985
136551285
134324107
136795839
136682495
136537341
136546145
129083789
130785600
136638284
136589025
136579472
136373441
136786044
136297660
136732531
136761641
133769602
136656857
136758995
135788972
136735410
136684641
136734864
136676775
131532026
133437334
136688975
136566178
136651239
135582861
136657896
136482027
136799841
136586918
129879854
136557926
136553314
136784378
136568919
134960251
134337919
135790156
136568663
136739851
135036025
135555312
136635688
136651954
136563689
136559701
135525118
136684405
135793916
136496104
136488903
133759312
136509627
136807128
136608399
136493535
136759555
136640355
136577919
131366170
135511118
132416398
136810558
132017649
136764435
136652260
135741924
136552302
136807943
136631435
135275468
136477486
136809443
136712607
136494706
136648980
126286473
136654604
134461206
136718193
136479478
136719022
136724638
131532467
135469726
136527895
136652479
136645823
134434916
136556959
135580259
136706048
133763569
136781721
136758502
134660851
135622120
136774341
134542252
136523350
136796003
109153182
134734944
136619582
136637079
134824782
136788752
130090448
136778569
136537648
136756362
136687765
136553248
136535768
136734736
136485277
135692463
136805746
136533508
136753459
136807931
136595049
136561009
134209255
136596119
135590358
136577903
136790942
136610913
136609540
136527912
136579633
134617716
131542946
136741983
136548186
135831839
134337880
135871831
134438896
136591982
136742469
135420617
136728767
136188060
136648072
133400900
136688830
135476145
136719112
133518287
136359666
136605924
136784715
136577753
129083782
136537960
136486670
136654782
134558563
136756006
136775735
136568755
136738651
135612921
136742470
136594266
136560064
136802488
136490171
136594121
136643269
136758068
136561087
136712533
136670404
136520411
136516023
135481495
133655484
136589040
136633863
132015384
136779507
136231050
136470663
135593832
135702659
136488904
136520083
136787082
136796007
136706467
136588098
136785134
136566825
135531943
136786962
136262420
136770025
134804494
136779358
136609642
136735238
136539374
136744393
135760604
136756914
136553562
136640551
136772507
136652733
135121298
136670676
135837253
136798309
136504567
134942946
136801996
136578263
136150126
135914410
136558190
136714520
136671370
136647098
92151485
136769966
136637576
136680339
136670705
136692044
136664481
136606742
136526660
136809971
136688902
136671443
136713562
136637654
132229556
129192272
133790401
136664956
136681382
136739095
136548633
136772654
136545408
134346328
136740772
136591581
136791740
136565344
134544611
135174046
136537102
136604146
136556632
136684692
136503589
136545569
136800908
135813833
136259761
136598027
131375711
130685497
134682696
136556233
133831345
136657499
135600923
136718757
136795945
136611658
136787848
135822614
136705246
135855305
136585176
135550987
136740773
136739360
136642186
133696209
136680500
136682680
136693144
136705353
136792952
136763694
136786569
134704234
136775981
136664847
136599141
136518862
136744066
136712139
136481471
136606576
135917164
136794754
134496768
136772051
136565887
124991624
136543152
136742108
136644952
136678300
136795992
136556281
134839778
135663390
136719277
136691380
136763208
136565402
136732147
136504547
136688482
136629819
135902604
133441920
136695861
134089600
136691347
136747690
135366045
136596777
136575216
136029387
135821496
135692199
136787087
136565498
136714652
136628896
136192546
136556577
136572679
136722546
135702935
136510518
136592186
136680570
135684191
136787218
136596490
136723181
136648492
133234117
135995036
136568718
136504570
136796628
136692085
136745159
135733291
136600394
136668787
136549468
136785015
134500174
136567324
136525572
132649805
136061734
133751725
136542087
136589984
136810136
136617793
